AA,AC,AG,AT,CA,CC,CG,CT,GA,GC,GG,GT,TA,TC,TG,TT,gc
0.028671,0.062036,0.013971,0.049634,0.062407,0.094672,0.077378,0.108717,0.035551,0.098724,0.024212,0.046459,0.022013,0.111299,0.077638,0.086618,56.0
0.061691,0.063417,0.072261,0.055004,0.073555,0.066221,0.066437,0.047886,0.059965,0.094478,0.066005,0.050259,0.049827,0.055436,0.054357,0.063201,51.8
0.051116,0.06637,0.029202,0.052021,0.05378,0.099166,0.069059,0.078332,0.048201,0.082152,0.049156,0.056494,0.03076,0.088586,0.06627,0.079338,52.9
0.089174,0.062975,0.027928,0.121543,0.062703,0.040367,0.020845,0.072024,0.04796,0.030843,0.020268,0.048197,0.074668,0.085243,0.060229,0.135033,41.8
0.083071,0.082611,0.016733,0.073737,0.071264,0.07619,0.040846,0.08012,0.042092,0.053055,0.02762,0.047248,0.047228,0.086061,0.066051,0.106072,51.6
0.036946,0.063584,0.026036,0.051922,0.05065,0.080886,0.070361,0.079865,0.050667,0.08097,0.066027,0.059016,0.030755,0.088684,0.079397,0.084233,58.0
0.072948,0.062498,0.038864,0.100599,0.059935,0.053281,0.026517,0.07137,0.05582,0.039604,0.04786,0.057446,0.071543,0.071814,0.070557,0.099342,45.4
0.066112,0.070773,0.025749,0.094303,0.050795,0.061709,0.036145,0.08091,0.047207,0.055568,0.02956,0.058528,0.068442,0.081095,0.067962,0.105142,50.0
0.06195,0.088592,0.034626,0.077619,0.073734,0.070148,0.042481,0.068269,0.055674,0.071813,0.028734,0.057083,0.046324,0.081718,0.070959,0.070276,50.4
0.055165,0.058934,0.025132,0.097175,0.058518,0.050102,0.032993,0.083534,0.036969,0.042934,0.022635,0.060228,0.074748,0.090562,0.069939,0.140433,45.3
0.07342,0.043694,0.017453,0.135091,0.042183,0.020475,0.011625,0.076164,0.02914,0.017946,0.010577,0.049769,0.116929,0.067407,0.062103,0.226025,35.6
0.064809,0.086822,0.028916,0.0788,0.069249,0.058727,0.034475,0.082979,0.054585,0.056638,0.021304,0.053093,0.048952,0.099657,0.068428,0.092568,49.8
0.062598,0.068565,0.035086,0.090503,0.058847,0.057024,0.03305,0.084322,0.054666,0.056631,0.030477,0.054845,0.06317,0.086466,0.068922,0.094826,44.4
0.056846,0.072084,0.037022,0.074858,0.063022,0.069754,0.052667,0.071529,0.052297,0.078519,0.036245,0.062911,0.044493,0.080664,0.071455,0.075634,48.0
0.048869,0.058831,0.020759,0.075725,0.053471,0.076781,0.050702,0.09226,0.042315,0.052714,0.034266,0.054786,0.050921,0.099791,0.063592,0.124216,51.4
0.042058,0.085031,0.033718,0.073225,0.069431,0.071197,0.049841,0.078916,0.054878,0.069955,0.028191,0.0572,0.042352,0.094156,0.077313,0.072538,48.8
0.060983,0.071674,0.033853,0.085726,0.062765,0.068816,0.039333,0.08465,0.050024,0.055839,0.027096,0.057352,0.05547,0.091912,0.064984,0.089525,50.1
0.073915,0.071299,0.033678,0.085623,0.059268,0.058504,0.027723,0.082847,0.055808,0.0511,0.028447,0.051945,0.056573,0.090291,0.066431,0.106546,47.6
0.057052,0.079013,0.030396,0.078297,0.066123,0.072051,0.039467,0.079411,0.048617,0.066123,0.025383,0.054227,0.053949,0.097712,0.06664,0.085538,52.2
0.069632,0.070407,0.03178,0.094867,0.059039,0.049867,0.028421,0.080183,0.055637,0.050426,0.025881,0.057618,0.058048,0.093661,0.068685,0.105848,47.6
0.060279,0.067913,0.036085,0.083072,0.059675,0.057835,0.042978,0.079804,0.058082,0.060032,0.036167,0.059098,0.048745,0.085379,0.075658,0.089196,49.8
0.082609,0.103339,0.022351,0.084299,0.085713,0.078263,0.030871,0.086196,0.033113,0.049772,0.010831,0.031181,0.068053,0.096647,0.0387,0.098062,45.3
0.062985,0.071455,0.031058,0.090258,0.059355,0.06404,0.035681,0.081136,0.051784,0.055166,0.032268,0.06041,0.058827,0.082718,0.072293,0.090568,49.5
0.071577,0.062207,0.021277,0.097539,0.056311,0.062253,0.032909,0.080513,0.043947,0.042873,0.028338,0.050872,0.067349,0.082204,0.068423,0.131408,46.2
0.077668,0.062622,0.023179,0.109527,0.056561,0.053332,0.026712,0.084673,0.048002,0.038865,0.023696,0.042063,0.07045,0.093628,0.057749,0.131274,47.0
0.073096,0.06481,0.026891,0.106795,0.059697,0.052088,0.025844,0.083539,0.048207,0.041492,0.022979,0.045558,0.064625,0.092379,0.0625,0.129497,48.3
0.065955,0.059315,0.031896,0.114377,0.04928,0.031001,0.032642,0.065806,0.053831,0.046818,0.031001,0.075655,0.077184,0.066515,0.079833,0.118891,46.9
0.033565,0.072372,0.021254,0.073985,0.059943,0.073203,0.065256,0.081979,0.043243,0.075646,0.035558,0.069312,0.050881,0.088479,0.080224,0.0751,56.4
0.063588,0.080303,0.031018,0.083233,0.068887,0.076598,0.037136,0.070179,0.053334,0.068025,0.031148,0.057643,0.047389,0.080174,0.072549,0.078795,47.8
0.038984,0.066281,0.030902,0.072967,0.058548,0.073578,0.057618,0.076834,0.048926,0.082124,0.038606,0.066136,0.043955,0.085264,0.082502,0.076775,57.0
0.054828,0.076545,0.035664,0.070107,0.063337,0.066334,0.053385,0.071143,0.053311,0.079134,0.037218,0.063744,0.045468,0.07832,0.07451,0.076952,44.6
0.062758,0.07428,0.028089,0.092006,0.060303,0.062519,0.031839,0.081064,0.051918,0.054917,0.031532,0.057133,0.060235,0.082393,0.073769,0.095245,49.9
0.132994,0.062262,0.034096,0.13723,0.068827,0.030919,0.012495,0.058873,0.039602,0.027531,0.013765,0.03219,0.09551,0.070097,0.040025,0.143583,34.7
0.061555,0.074589,0.028188,0.092107,0.059053,0.059643,0.033193,0.084738,0.050502,0.055542,0.030308,0.058218,0.061034,0.087484,0.073546,0.090299,50.5
0.047034,0.072678,0.032764,0.054154,0.062515,0.093743,0.054479,0.081482,0.0486,0.081186,0.045852,0.057965,0.031405,0.087509,0.073978,0.074657,55.8
0.062637,0.073937,0.029957,0.091415,0.062149,0.055077,0.028859,0.081132,0.052272,0.051581,0.026502,0.059101,0.059263,0.092147,0.068816,0.105154,48.7
0.069386,0.083941,0.032103,0.088574,0.070553,0.065227,0.036334,0.073508,0.047497,0.060229,0.024259,0.059098,0.058515,0.076135,0.072851,0.081789,50.1
0.063486,0.068189,0.028216,0.08944,0.05917,0.074677,0.041877,0.080719,0.055212,0.054765,0.034139,0.053842,0.047771,0.091761,0.068099,0.088636,49.1
0.129249,0.052718,0.028576,0.118082,0.070948,0.037773,0.00969,0.061422,0.046149,0.017244,0.016259,0.03531,0.070948,0.080801,0.048284,0.176548,34.6
0.060002,0.077334,0.024491,0.088072,0.069861,0.058966,0.047788,0.07366,0.056768,0.057019,0.025903,0.051022,0.044209,0.10443,0.06603,0.094446,52.7
0.05868,0.068816,0.034341,0.08532,0.062415,0.068116,0.041776,0.085653,0.051145,0.060014,0.02774,0.056947,0.052746,0.091721,0.067082,0.087487,50.5
0.055067,0.089831,0.031492,0.07497,0.066036,0.073378,0.043434,0.072184,0.052545,0.071653,0.026892,0.062497,0.049007,0.083595,0.073511,0.073909,47.9
0.057294,0.084845,0.033516,0.077987,0.063948,0.066626,0.044674,0.076202,0.054616,0.065409,0.027227,0.064151,0.053966,0.08379,0.071658,0.074092,50.8
0.050654,0.062528,0.014404,0.078219,0.056021,0.059311,0.056284,0.079155,0.046224,0.055626,0.037757,0.064795,0.045361,0.092798,0.084317,0.116546,49.3
0.058061,0.070332,0.030162,0.081985,0.057719,0.059981,0.042295,0.084076,0.054977,0.063203,0.032869,0.057136,0.051344,0.09004,0.073588,0.092233,49.5
0.0337,0.072142,0.025701,0.067085,0.064313,0.074136,0.066039,0.084446,0.043451,0.07934,0.033068,0.070124,0.044545,0.090014,0.080385,0.07151,55.7
0.044585,0.055096,0.017113,0.089265,0.058435,0.073044,0.039652,0.103001,0.035744,0.04597,0.023602,0.052724,0.058018,0.108864,0.065986,0.128899,50.7
0.099713,0.046054,0.019098,0.130303,0.036082,0.017576,0.015464,0.068785,0.037181,0.019858,0.013689,0.057462,0.09084,0.063377,0.057546,0.226973,37.7
0.083567,0.064229,0.024095,0.11925,0.060584,0.044124,0.021563,0.076584,0.048728,0.034493,0.020642,0.04727,0.069639,0.088171,0.061083,0.135978,43.1
0.045122,0.078266,0.025964,0.054446,0.056828,0.087998,0.05237,0.087794,0.048321,0.088815,0.039201,0.055535,0.033961,0.093307,0.07636,0.075714,53.4
0.063629,0.073638,0.031706,0.097137,0.062137,0.059836,0.034006,0.078549,0.052003,0.054272,0.031333,0.05822,0.061764,0.083181,0.072457,0.086133,49.4
0.031475,0.070268,0.00779,0.04434,0.064091,0.087894,0.058976,0.120077,0.035134,0.072353,0.022465,0.042019,0.017744,0.124326,0.074753,0.126293,59.9
0.039585,0.068776,0.056281,0.057185,0.062103,0.043972,0.078134,0.067712,0.067048,0.122664,0.04227,0.0545,0.033604,0.070211,0.086561,0.049395,55.5
0.056557,0.058521,0.022539,0.100863,0.057913,0.049332,0.03168,0.082299,0.037619,0.040869,0.0231,0.058147,0.076524,0.089126,0.069767,0.145145,45.3
0.066997,0.074157,0.030882,0.090956,0.058303,0.054211,0.032495,0.078681,0.057123,0.052008,0.029269,0.056808,0.05968,0.085291,0.069948,0.103191,48.4
0.059784,0.076524,0.026709,0.07127,0.062513,0.080734,0.045571,0.079454,0.050994,0.067464,0.033513,0.056484,0.045133,0.088346,0.069283,0.086224,52.6
0.086612,0.087223,0.046185,0.072696,0.093123,0.074873,0.024741,0.075239,0.05821,0.038942,0.037945,0.037965,0.050336,0.07591,0.064354,0.075646,45.4
0.03687,0.066215,0.009826,0.056345,0.058027,0.081618,0.05692,0.114106,0.03895,0.061701,0.022131,0.047581,0.02784,0.120613,0.07644,0.124817,56.5
0.093441,0.053459,0.05885,0.07053,0.066038,0.05885,0.038634,0.066038,0.072327,0.055256,0.051213,0.049865,0.048068,0.061096,0.077269,0.079066,47.4
0.033114,0.066404,0.025548,0.062117,0.056896,0.080704,0.067287,0.089556,0.039671,0.087942,0.034249,0.065093,0.04237,0.092583,0.078586,0.077879,56.8
0.063378,0.080898,0.029733,0.073346,0.069706,0.089709,0.040823,0.082463,0.049056,0.056574,0.024562,0.045586,0.043103,0.103725,0.058547,0.088791,52.4
0.062663,0.071654,0.030782,0.094887,0.057412,0.060913,0.028243,0.083631,0.04698,0.04698,0.029135,0.055868,0.068737,0.088023,0.063864,0.110226,48.5
0.057664,0.056896,0.025485,0.090119,0.053795,0.058954,0.037859,0.087632,0.048145,0.053335,0.030367,0.058616,0.056804,0.085851,0.070253,0.128224,48.7
0.069461,0.070218,0.036416,0.09109,0.057667,0.050995,0.034146,0.077301,0.056566,0.051064,0.029882,0.058251,0.058045,0.083869,0.071146,0.103882,48.4
0.0487,0.06215,0.023121,0.085879,0.056231,0.056284,0.040138,0.088336,0.040561,0.045608,0.025499,0.062414,0.061621,0.098034,0.069152,0.13627,47.3
0.105001,0.075405,0.033628,0.089731,0.08853,0.07532,0.021618,0.08407,0.035601,0.030625,0.019645,0.030883,0.073861,0.093763,0.040662,0.101656,32.9
0.03266,0.068698,0.021237,0.064386,0.056857,0.100103,0.063067,0.096467,0.038645,0.08321,0.022846,0.051676,0.041444,0.111526,0.063775,0.083403,57.5
0.105884,0.086852,0.008511,0.062592,0.080686,0.120828,0.057331,0.078508,0.049156,0.045302,0.032938,0.030659,0.027677,0.100824,0.048955,0.063296,54.3
0.06043,0.064181,0.029083,0.100198,0.058166,0.058024,0.0311,0.080314,0.055052,0.044757,0.028198,0.059333,0.062695,0.093264,0.071469,0.103736,51.6
0.057849,0.059555,0.024504,0.091995,0.057642,0.055962,0.034637,0.085817,0.038928,0.041022,0.023806,0.058082,0.06749,0.095794,0.064802,0.142115,46.5
0.035085,0.066084,0.023661,0.069832,0.059966,0.071616,0.065926,0.084801,0.046171,0.07568,0.03513,0.067755,0.042875,0.094306,0.080601,0.080511,55.6
0.065532,0.057746,0.021772,0.091342,0.054887,0.046163,0.046067,0.084973,0.046356,0.044121,0.019585,0.054815,0.062817,0.100738,0.064667,0.138418,49.4
0.151145,0.045356,0.042626,0.128126,0.056152,0.021034,0.013154,0.045728,0.053794,0.01638,0.015822,0.042129,0.107154,0.051933,0.052367,0.157101,34.8
0.096816,0.052065,0.040017,0.106282,0.055938,0.032917,0.024742,0.061532,0.045611,0.026248,0.022806,0.051205,0.094449,0.069492,0.054862,0.165017,38.2
0.048896,0.068269,0.039006,0.071492,0.059638,0.074937,0.052267,0.080345,0.051822,0.08705,0.035524,0.058046,0.045377,0.081345,0.071714,0.07427,51.4
0.060327,0.085345,0.034543,0.084771,0.07012,0.071153,0.037757,0.072721,0.051107,0.065912,0.026816,0.058529,0.052714,0.075667,0.077579,0.07494,50.9
0.053079,0.073736,0.03424,0.065213,0.065876,0.067399,0.045415,0.085845,0.053251,0.064574,0.034092,0.063002,0.033012,0.090241,0.082013,0.089013,53.0
0.06832,0.063694,0.021432,0.11558,0.052777,0.053725,0.027638,0.0855,0.042635,0.0389,0.027839,0.055046,0.087396,0.078375,0.062056,0.119085,47.5
0.074492,0.039643,0.017464,0.126108,0.038572,0.022072,0.012509,0.075831,0.027215,0.019688,0.017652,0.059679,0.108617,0.06959,0.071438,0.219431,35.8
0.056327,0.070269,0.035694,0.085212,0.065847,0.076753,0.041796,0.076753,0.055059,0.061839,0.043063,0.056739,0.045509,0.082206,0.072479,0.074454,51.7
0.047671,0.064497,0.024364,0.071979,0.05963,0.070644,0.051203,0.087693,0.041441,0.060687,0.024892,0.056432,0.04984,0.104937,0.064497,0.119594,53.4
0.047983,0.036771,0.025639,0.103319,0.04103,0.028613,0.027488,0.062329,0.042276,0.033958,0.039624,0.094318,0.074787,0.055337,0.110352,0.176177,45.2
0.104729,0.034982,0.082919,0.074498,0.046858,0.039948,0.02181,0.034766,0.093932,0.033038,0.102354,0.065645,0.05528,0.037573,0.085079,0.08659,47.3
0.062373,0.060078,0.024367,0.113457,0.049242,0.047027,0.026636,0.085353,0.045826,0.040194,0.033308,0.061412,0.08239,0.07401,0.074517,0.119809,48.2
0.068668,0.056085,0.02229,0.097789,0.068488,0.070106,0.027683,0.094913,0.031997,0.026604,0.023009,0.03739,0.061118,0.128348,0.043681,0.14183,41.1
0.041946,0.072849,0.027572,0.08259,0.061179,0.059376,0.056621,0.083692,0.046454,0.067715,0.025944,0.06446,0.057798,0.090604,0.074702,0.086497,54.3
0.084183,0.065768,0.038145,0.097336,0.063466,0.062808,0.039461,0.071687,0.047682,0.050312,0.034857,0.041434,0.074318,0.069714,0.049984,0.108846,45.4
0.093806,0.087764,0.048574,0.079116,0.080964,0.065041,0.041276,0.067055,0.062174,0.044617,0.033528,0.043716,0.069543,0.060895,0.057672,0.064259,45.8
0.060972,0.090968,0.026813,0.081215,0.066359,0.079174,0.034771,0.093009,0.03771,0.068032,0.023997,0.051381,0.054932,0.085092,0.065706,0.079868,53.4
0.058784,0.06568,0.033911,0.085264,0.051788,0.056374,0.03592,0.086402,0.05075,0.061663,0.034849,0.061027,0.058684,0.083925,0.073748,0.101232,50.4
0.075423,0.062802,0.019672,0.098664,0.057405,0.063259,0.030683,0.081299,0.040998,0.039518,0.024263,0.051921,0.067328,0.087087,0.067502,0.132176,44.5
0.062445,0.079374,0.031066,0.089078,0.065273,0.062655,0.037907,0.075849,0.049251,0.052742,0.026842,0.060805,0.056826,0.086076,0.071381,0.092429,47.4
0.038527,0.064288,0.026769,0.07632,0.060919,0.064952,0.058833,0.080514,0.042583,0.074693,0.030734,0.069032,0.051545,0.089338,0.082737,0.088215,53.8
0.044261,0.080776,0.029011,0.071207,0.067623,0.066559,0.047573,0.082326,0.055015,0.070174,0.035239,0.063886,0.041133,0.090072,0.081202,0.073941,50.3
0.074889,0.06535,0.028239,0.102628,0.054105,0.057229,0.025365,0.085843,0.047524,0.04515,0.024366,0.050898,0.070224,0.086634,0.058853,0.122704,46.4
0.064312,0.076064,0.027046,0.091494,0.063154,0.065129,0.032633,0.082604,0.050448,0.054944,0.0311,0.053922,0.058896,0.085431,0.070852,0.091971,50.4
0.093163,0.071375,0.03456,0.075883,0.053343,0.054846,0.026296,0.063862,0.046582,0.049587,0.051089,0.075131,0.04583,0.071375,0.066867,0.12021,48.1
0.033741,0.067279,0.024985,0.069507,0.059806,0.072186,0.065298,0.085308,0.043217,0.078533,0.033921,0.068359,0.043712,0.095865,0.080424,0.077858,56.6
0.044033,0.067847,0.022872,0.080772,0.05981,0.063457,0.051996,0.084121,0.043884,0.059314,0.029942,0.066037,0.055494,0.092109,0.074918,0.103396,52.4
0.059849,0.068524,0.029779,0.088793,0.060808,0.076699,0.042541,0.077116,0.056429,0.056888,0.030529,0.059682,0.049172,0.09359,0.065354,0.084247,52.2
0.045202,0.063384,0.028522,0.079186,0.05281,0.055327,0.051952,0.09015,0.048284,0.070036,0.027293,0.060809,0.054156,0.096978,0.079635,0.096276,50.7
0.047851,0.069932,0.024314,0.077585,0.064462,0.07219,0.045743,0.083783,0.044162,0.052292,0.028956,0.0613,0.051891,0.096128,0.070183,0.109226,50.0
0.04345,0.052961,0.022023,0.08273,0.056009,0.078101,0.039509,0.092561,0.035727,0.048515,0.033184,0.059905,0.060248,0.097901,0.071569,0.125607,47.9
0.076106,0.060728,0.023838,0.103866,0.058011,0.046751,0.030868,0.083417,0.047591,0.049804,0.025994,0.050952,0.065602,0.083305,0.06986,0.123305,47.3
0.062545,0.090586,0.029137,0.081516,0.07426,0.062998,0.03439,0.081063,0.050641,0.056612,0.020143,0.050414,0.049771,0.106421,0.062545,0.086958,50.0
0.03209,0.073166,0.023415,0.060723,0.061771,0.084026,0.072787,0.077604,0.044132,0.083915,0.040541,0.071583,0.038088,0.089869,0.081841,0.064447,58.8
0.091925,0.073669,0.036886,0.084772,0.073465,0.068254,0.037805,0.075679,0.04615,0.045366,0.033616,0.043289,0.070229,0.07435,0.053609,0.090937,44.0
0.076572,0.061414,0.02886,0.118,0.051058,0.045472,0.033166,0.081488,0.047275,0.037355,0.025747,0.052803,0.08946,0.07663,0.057109,0.117592,45.0
0.049569,0.082505,0.02961,0.057501,0.063898,0.086562,0.055783,0.073658,0.060754,0.082651,0.037871,0.057026,0.031255,0.087476,0.073549,0.070332,55.9
0.008587,0.058083,0.015841,0.021566,0.052469,0.121669,0.104938,0.117166,0.022427,0.168746,0.027152,0.040519,0.00931,0.108662,0.08215,0.040714,67.6
0.057864,0.060333,0.021075,0.087893,0.059036,0.055744,0.032025,0.08919,0.037063,0.041702,0.022622,0.054198,0.063551,0.098344,0.067317,0.152043,46.9
0.068687,0.087705,0.031167,0.082253,0.071864,0.070533,0.031982,0.071993,0.047523,0.064995,0.025972,0.057096,0.054993,0.077831,0.070533,0.084872,50.7
0.06926,0.088644,0.021099,0.072582,0.069886,0.074515,0.038142,0.080368,0.047644,0.0517,0.0309,0.054259,0.04631,0.08908,0.069369,0.09624,48.9
0.053535,0.066505,0.023964,0.089654,0.064825,0.053313,0.038984,0.082193,0.041776,0.048594,0.021839,0.059489,0.062157,0.094619,0.07283,0.125723,47.9
0.098322,0.044519,0.022527,0.142959,0.047732,0.021902,0.010981,0.070557,0.032526,0.020117,0.010594,0.052375,0.114332,0.061749,0.059546,0.189263,37.4
0.051185,0.065199,0.024945,0.087864,0.063515,0.069033,0.039995,0.086051,0.040332,0.053879,0.028494,0.058205,0.061287,0.087657,0.070742,0.111618,48.8
0.096887,0.082957,0.025729,0.12324,0.070239,0.04962,0.022127,0.079943,0.035285,0.025949,0.008711,0.037013,0.101371,0.085419,0.032896,0.122616,40.0
0.068954,0.062175,0.029419,0.097099,0.053711,0.057977,0.033582,0.088016,0.041943,0.049995,0.025428,0.054227,0.075938,0.084368,0.058907,0.11826,48.3
0.077335,0.073192,0.038149,0.086138,0.071811,0.051096,0.038667,0.065079,0.06784,0.044019,0.041257,0.061281,0.054203,0.065769,0.08096,0.083204,44.5
0.075724,0.064017,0.028593,0.099187,0.06196,0.051117,0.032707,0.080117,0.051219,0.049568,0.026206,0.053073,0.060056,0.081996,0.075292,0.109167,49.2
0.033366,0.049653,0.016733,0.066833,0.052186,0.062228,0.026488,0.104285,0.032805,0.036344,0.02328,0.041179,0.042862,0.097134,0.061336,0.253288,46.3
0.065464,0.072398,0.028232,0.095963,0.059598,0.056965,0.033132,0.081297,0.051465,0.050232,0.030499,0.059265,0.064965,0.083064,0.071731,0.09573,48.3
0.08291,0.039867,0.013407,0.126164,0.036198,0.02265,0.01376,0.075078,0.027378,0.017711,0.015876,0.038879,0.100127,0.069785,0.04777,0.272439,39.3
0.059723,0.075703,0.030341,0.071506,0.061642,0.076902,0.04797,0.079511,0.050579,0.065539,0.0322,0.055406,0.044193,0.086526,0.071176,0.091084,53.2
0.059923,0.079534,0.030208,0.062986,0.067317,0.084921,0.053938,0.07971,0.050981,0.06707,0.033377,0.056262,0.036475,0.089674,0.069253,0.078372,55.1
0.044566,0.067211,0.023345,0.074405,0.060572,0.076336,0.049466,0.085727,0.041789,0.058254,0.030225,0.062213,0.053281,0.095094,0.072425,0.105089,51.7
0.053094,0.085201,0.033362,0.073907,0.069364,0.075206,0.049675,0.073388,0.04894,0.081826,0.034963,0.059844,0.047382,0.078364,0.067979,0.067503,52.2
0.050133,0.061099,0.022225,0.087407,0.058138,0.059098,0.038741,0.089835,0.038047,0.045277,0.023933,0.062033,0.061926,0.101441,0.068036,0.132631,47.4
0.067876,0.085474,0.030586,0.085641,0.069259,0.067583,0.034022,0.074412,0.048309,0.064482,0.023002,0.05648,0.057485,0.079943,0.071144,0.0843,49.8
0.07501,0.081388,0.033979,0.09184,0.068915,0.059703,0.037841,0.071325,0.056054,0.050562,0.024271,0.053821,0.052829,0.088084,0.065904,0.088474,46.1
0.073709,0.066338,0.037112,0.083848,0.061414,0.062025,0.034569,0.078376,0.055169,0.050953,0.03222,0.052466,0.051017,0.091799,0.066371,0.102614,38.6
0.046067,0.068638,0.027282,0.075834,0.05728,0.051847,0.057193,0.076383,0.046038,0.069794,0.027628,0.070603,0.055893,0.089735,0.078464,0.101324,53.4
0.055116,0.060472,0.020315,0.100488,0.057264,0.046339,0.032371,0.084279,0.036713,0.037539,0.020881,0.058184,0.078097,0.093552,0.067456,0.150933,44.5
0.234741,0.022419,0.004638,0.203583,0.023998,0.005512,0.002487,0.019125,0.013646,0.001781,0.002084,0.013545,0.187248,0.022688,0.020099,0.222405,21.8
0.045404,0.062311,0.023674,0.071662,0.056405,0.080915,0.045281,0.093466,0.042156,0.050744,0.029654,0.060933,0.046364,0.105033,0.067011,0.118986,51.7
0.063935,0.062169,0.028808,0.100208,0.062107,0.05111,0.036862,0.072205,0.047177,0.051234,0.028808,0.060837,0.064213,0.085122,0.070997,0.114209,48.2
0.067726,0.061494,0.035541,0.102924,0.056803,0.049784,0.036602,0.075669,0.053311,0.055845,0.027837,0.059885,0.066699,0.07769,0.069027,0.103164,41.2
0.043962,0.056343,0.019691,0.081399,0.056657,0.077351,0.049347,0.095411,0.034765,0.059291,0.026393,0.051724,0.057994,0.095588,0.065854,0.12823,52.4
0.065924,0.062981,0.027439,0.09694,0.05817,0.05029,0.03782,0.07333,0.049752,0.050923,0.031617,0.06412,0.060544,0.083774,0.07545,0.110928,48.5
0.066383,0.067098,0.036017,0.093065,0.057656,0.063593,0.030652,0.082621,0.053543,0.051254,0.0294,0.054294,0.060517,0.090239,0.064595,0.099074,47.6
0.103015,0.045019,0.024398,0.140751,0.046008,0.02143,0.0104,0.069686,0.033749,0.018793,0.011,0.052362,0.115993,0.060245,0.058656,0.188497,36.9
0.122224,0.093687,0.065599,0.077399,0.090232,0.069637,0.033921,0.059743,0.082043,0.035581,0.037443,0.021739,0.0669,0.051644,0.043187,0.04902,44.9
0.035302,0.065115,0.048853,0.079847,0.041279,0.089854,0.039472,0.071647,0.052675,0.087213,0.046421,0.070257,0.037248,0.113065,0.062752,0.058999,56.9
0.048354,0.069543,0.022932,0.076316,0.063319,0.069369,0.046039,0.086798,0.044146,0.056919,0.02953,0.058239,0.05184,0.096982,0.071361,0.108311,50.8
0.059654,0.064362,0.027349,0.095621,0.060202,0.067127,0.038059,0.086704,0.040699,0.045282,0.025431,0.053751,0.0675,0.092832,0.057288,0.118138,48.9
0.04294,0.058571,0.018515,0.080375,0.057904,0.081352,0.044584,0.089787,0.040175,0.04313,0.029905,0.062765,0.048944,0.108922,0.067936,0.124196,49.8
0.057123,0.054393,0.014848,0.078656,0.05289,0.066485,0.01672,0.1201,0.031146,0.033084,0.014637,0.037264,0.053892,0.119599,0.063017,0.186149,43.5
0.053661,0.069708,0.032542,0.074574,0.063738,0.076403,0.045517,0.082856,0.054628,0.066913,0.038546,0.058286,0.04148,0.093554,0.070709,0.076886,49.9
0.042894,0.065229,0.040828,0.054277,0.054998,0.106105,0.054373,0.075508,0.045824,0.096498,0.044142,0.064989,0.03468,0.0867,0.063308,0.069648,56.6
0.06595,0.067025,0.025825,0.101567,0.058128,0.065532,0.029258,0.085446,0.046574,0.043559,0.025407,0.048694,0.06607,0.091387,0.063741,0.115838,48.7
0.056205,0.067855,0.023489,0.061535,0.054225,0.093977,0.052919,0.089743,0.047652,0.056879,0.038699,0.054141,0.035813,0.096758,0.066717,0.103394,48.9
0.074788,0.072288,0.033028,0.094184,0.065722,0.056724,0.036794,0.068822,0.051525,0.054891,0.026229,0.055991,0.059423,0.079487,0.068822,0.101283,47.2
0.141748,0.059917,0.0319,0.104854,0.060194,0.038835,0.01165,0.062968,0.048544,0.01914,0.024133,0.036338,0.09043,0.061026,0.057975,0.150347,26.7
0.041846,0.06447,0.024028,0.085788,0.059492,0.059714,0.0485,0.082633,0.043596,0.058679,0.027799,0.067403,0.058654,0.090914,0.080218,0.106267,51.2
0.063098,0.063753,0.038656,0.077966,0.068956,0.066399,0.051264,0.071424,0.053999,0.057627,0.043919,0.05504,0.051442,0.07868,0.070294,0.087481,33.4
0.047499,0.069796,0.024669,0.076534,0.065452,0.071193,0.048873,0.084115,0.043908,0.052685,0.032139,0.064499,0.048784,0.096394,0.071547,0.101913,50.2
0.155172,0.083272,0.075202,0.078136,0.07777,0.041086,0.038518,0.049156,0.072267,0.044387,0.03595,0.039618,0.084006,0.043654,0.037051,0.044754,38.2
0.229592,0.021909,0.010054,0.186975,0.02551,0.009154,0.004502,0.021158,0.018457,0.004352,0.004202,0.012755,0.167317,0.026711,0.021459,0.235894,17.0
0.059417,0.078925,0.031092,0.079357,0.067917,0.058264,0.041955,0.08146,0.053884,0.060051,0.026769,0.0591,0.048496,0.089212,0.077801,0.086301,51.5
0.073333,0.078672,0.029875,0.096534,0.066973,0.058964,0.035174,0.070977,0.053468,0.048561,0.025282,0.058179,0.059593,0.086287,0.065952,0.092176,49.9
0.057221,0.087379,0.034067,0.080419,0.072343,0.058295,0.044506,0.070238,0.056405,0.075221,0.029427,0.057135,0.051809,0.080849,0.072687,0.071999,52.0
0.06588,0.070286,0.031634,0.084545,0.063078,0.073151,0.041832,0.079887,0.051936,0.054989,0.031004,0.054234,0.048883,0.090116,0.066226,0.09232,51.1
0.0528,0.064526,0.02703,0.089102,0.063108,0.054848,0.038283,0.082306,0.041929,0.050369,0.024284,0.060542,0.063625,0.091916,0.071705,0.123627,48.2
0.056585,0.062432,0.032984,0.08064,0.049582,0.059491,0.03365,0.082496,0.052523,0.050912,0.037851,0.073147,0.049687,0.081831,0.077944,0.118246,49.3
0.061313,0.052289,0.006229,0.105939,0.056298,0.04517,0.029332,0.092476,0.032315,0.030473,0.015053,0.05388,0.067395,0.09054,0.074618,0.18668,48.1
0.042725,0.065202,0.023679,0.065889,0.057481,0.141043,0.03895,0.107584,0.0314,0.043411,0.030542,0.040666,0.049588,0.10827,0.039465,0.114104,48.1
0.048081,0.081866,0.029195,0.064898,0.066667,0.072235,0.056057,0.07468,0.057713,0.086983,0.032205,0.058503,0.032957,0.089654,0.080474,0.067833,48.5
0.034972,0.064827,0.023969,0.07198,0.057078,0.070267,0.060878,0.087777,0.044733,0.069795,0.031644,0.065175,0.046546,0.102481,0.074787,0.093093,54.7
0.057992,0.070904,0.030888,0.078055,0.062166,0.070069,0.044551,0.083537,0.054347,0.062222,0.035452,0.058688,0.043577,0.087906,0.076636,0.083009,50.9
0.061638,0.088352,0.029315,0.080996,0.073639,0.060301,0.038417,0.08159,0.053948,0.060412,0.021103,0.054356,0.04804,0.101802,0.067472,0.078618,50.8
0.064336,0.070866,0.020764,0.098396,0.058609,0.062896,0.030276,0.088114,0.045614,0.044643,0.02475,0.049131,0.064269,0.095683,0.062929,0.118725,48.8
0.057069,0.069916,0.037021,0.061593,0.0621,0.076394,0.052437,0.070749,0.05479,0.086346,0.03561,0.054753,0.029349,0.087721,0.07643,0.087721,53.1
0.027138,0.058685,0.008756,0.049446,0.049511,0.072946,0.068665,0.107552,0.043137,0.078837,0.039596,0.056013,0.019379,0.107906,0.091424,0.121008,61.1
0.030577,0.066374,0.02574,0.063854,0.057757,0.076904,0.074632,0.087186,0.045719,0.085184,0.03708,0.067724,0.039802,0.096951,0.077692,0.066824,57.6
0.078635,0.067004,0.02705,0.113562,0.051284,0.034893,0.029195,0.071261,0.059731,0.037172,0.028692,0.061373,0.072635,0.080613,0.0723,0.114601,46.7
0.074341,0.083181,0.035041,0.081427,0.072372,0.067862,0.036186,0.071549,0.047675,0.064176,0.025949,0.056981,0.053187,0.072694,0.072945,0.084434,50.0
0.029487,0.070415,0.02339,0.062655,0.060239,0.077975,0.073053,0.085536,0.044298,0.084804,0.034476,0.067511,0.039331,0.097863,0.079483,0.069484,57.0
0.042422,0.066811,0.024143,0.080502,0.059057,0.06048,0.053071,0.084354,0.042839,0.063376,0.025321,0.067547,0.05599,0.093702,0.078612,0.101774,52.0
0.048635,0.073209,0.032327,0.055003,0.065457,0.097719,0.06401,0.073016,0.047444,0.093216,0.034868,0.055389,0.029753,0.086268,0.070765,0.07292,56.8
0.065081,0.06655,0.022711,0.088244,0.054404,0.061635,0.033896,0.088752,0.049009,0.049489,0.029914,0.052765,0.058019,0.093498,0.071465,0.11457,48.9
0.05736,0.064302,0.029215,0.08941,0.058662,0.064418,0.037459,0.084232,0.052414,0.056521,0.036881,0.057823,0.050881,0.092158,0.073646,0.094617,49.2
0.056507,0.053913,0.023949,0.109822,0.052659,0.046757,0.028624,0.083507,0.03809,0.035723,0.021839,0.053656,0.082737,0.092801,0.061668,0.157748,44.4
0.064546,0.063579,0.032398,0.087674,0.059521,0.051968,0.044571,0.070414,0.056119,0.063173,0.034083,0.056837,0.050033,0.084678,0.074784,0.105621,49.3
0.056279,0.069193,0.030683,0.078331,0.062793,0.062586,0.04507,0.08328,0.054967,0.064865,0.03676,0.058834,0.036714,0.087193,0.084039,0.088413,52.8
0.063296,0.075376,0.034693,0.075508,0.067707,0.069682,0.044534,0.07373,0.055364,0.061782,0.030512,0.054179,0.041078,0.093348,0.070241,0.08897,52.4
0.039609,0.068164,0.028278,0.043411,0.056329,0.110896,0.076952,0.081434,0.046685,0.102057,0.052527,0.053987,0.02236,0.083826,0.072269,0.061214,54.7
0.076046,0.063469,0.032934,0.1123,0.053014,0.036624,0.028967,0.07051,0.059041,0.038161,0.029182,0.062823,0.073401,0.080935,0.073401,0.109194,46.1
0.048098,0.065568,0.022634,0.084164,0.062134,0.065623,0.038703,0.082544,0.040297,0.048785,0.028787,0.062217,0.060788,0.08974,0.074605,0.125312,48.6
0.091635,0.051702,0.033838,0.102564,0.06116,0.046448,0.031736,0.072299,0.046658,0.030265,0.019126,0.041824,0.071669,0.088272,0.047709,0.163094,41.1
0.05957,0.066538,0.032161,0.080709,0.055575,0.060386,0.044262,0.08138,0.055896,0.061173,0.038314,0.058695,0.050093,0.088144,0.073099,0.094005,49.1
0.02951,0.072274,0.021784,0.063367,0.061004,0.075038,0.071045,0.085978,0.044725,0.084087,0.033503,0.068541,0.039055,0.096893,0.083237,0.069959,57.1
0.061329,0.072093,0.033579,0.080139,0.056823,0.074882,0.038836,0.082177,0.055285,0.059755,0.032756,0.053426,0.050958,0.092297,0.066872,0.088793,42.9
0.060466,0.068587,0.034625,0.085643,0.057296,0.05627,0.039667,0.083741,0.056361,0.058625,0.031456,0.059953,0.053613,0.088843,0.074171,0.090684,49.4
0.117951,0.070033,0.032805,0.117951,0.064504,0.039071,0.014375,0.054921,0.04976,0.029856,0.013269,0.04202,0.068927,0.070402,0.050498,0.163656,36.9
0.07175,0.066382,0.030764,0.107882,0.056352,0.047833,0.0334,0.081362,0.051241,0.04089,0.027806,0.058442,0.079819,0.080526,0.058088,0.107464,40.5
0.0416,0.075869,0.029187,0.046388,0.061156,0.111182,0.063082,0.083601,0.048582,0.084323,0.046549,0.055404,0.026779,0.086945,0.07306,0.066292,57.7
0.061125,0.081825,0.033891,0.093149,0.066807,0.056945,0.033891,0.07874,0.05248,0.056904,0.023135,0.061044,0.064737,0.086411,0.06835,0.080567,47.5
0.04985,0.076693,0.025615,0.083289,0.059514,0.08187,0.046361,0.082905,0.052726,0.064729,0.034665,0.058478,0.048048,0.092914,0.069254,0.073088,52.9
0.042093,0.065172,0.027051,0.079579,0.061929,0.059014,0.057181,0.080213,0.044983,0.073069,0.028626,0.066371,0.051799,0.090225,0.082799,0.089896,51.5
0.056003,0.06565,0.025387,0.091721,0.059658,0.067579,0.036607,0.082278,0.042548,0.042573,0.029169,0.058465,0.066284,0.090554,0.066716,0.118809,48.2
0.033172,0.067899,0.023301,0.069273,0.059223,0.07502,0.064361,0.0864,0.043515,0.073555,0.033127,0.069251,0.044958,0.099741,0.080586,0.07662,56.1
0.078673,0.06872,0.032267,0.093009,0.059597,0.056477,0.026422,0.083215,0.052449,0.047551,0.026185,0.049289,0.059242,0.094234,0.062678,0.109992,41.5
0.066391,0.060949,0.052024,0.070309,0.069221,0.069003,0.059208,0.061602,0.058555,0.061384,0.057902,0.050718,0.051807,0.079669,0.055943,0.075316,47.9
0.193115,0.060785,0.05433,0.101668,0.05433,0.043572,0.032275,0.037655,0.067778,0.031737,0.035503,0.037655,0.093599,0.033889,0.050565,0.071544,25.3
0.049879,0.061069,0.022199,0.088205,0.055519,0.048701,0.037398,0.091739,0.042064,0.042132,0.021791,0.061907,0.063107,0.100505,0.072077,0.141708,47.4
0.058898,0.077237,0.030587,0.067633,0.06278,0.08219,0.054247,0.073991,0.045747,0.080952,0.03129,0.053845,0.045245,0.080416,0.068335,0.086607,54.3
0.090553,0.060544,0.026553,0.120877,0.047226,0.041683,0.036436,0.068215,0.052684,0.03494,0.029988,0.051862,0.08147,0.06832,0.062251,0.126399,45.3
0.00951,0.05748,0.012252,0.013827,0.039219,0.15364,0.129472,0.126832,0.028397,0.125607,0.016058,0.045097,0.009524,0.145851,0.045301,0.041932,67.8
0.033497,0.065428,0.02243,0.066015,0.057861,0.073826,0.066921,0.086412,0.042288,0.086657,0.033253,0.062416,0.039888,0.09415,0.081393,0.087563,56.8
0.05971,0.063061,0.032652,0.082142,0.063199,0.065913,0.043425,0.081644,0.046361,0.055833,0.037277,0.053257,0.058713,0.083084,0.067852,0.105877,37.5
0.089506,0.063451,0.039614,0.101656,0.06195,0.050586,0.023861,0.067355,0.059987,0.035941,0.04652,0.050516,0.066316,0.062597,0.071905,0.108239,43.5
0.121309,0.090383,0.059856,0.089385,0.083599,0.043296,0.037909,0.052275,0.07502,0.04569,0.032522,0.026536,0.07482,0.052474,0.038707,0.076217,38.3
0.056277,0.060835,0.025458,0.08982,0.05364,0.065136,0.037155,0.079413,0.049683,0.051346,0.032195,0.064792,0.055675,0.087842,0.077865,0.112869,51.2
0.053266,0.08232,0.025113,0.071171,0.078266,0.065428,0.05991,0.073649,0.046284,0.078153,0.030856,0.04955,0.046171,0.076802,0.075338,0.087725,52.1
0.062804,0.061786,0.029077,0.095096,0.057738,0.054314,0.039857,0.076336,0.045802,0.047721,0.033472,0.059704,0.068864,0.079089,0.069165,0.119176,48.1
0.06079,0.071437,0.034803,0.066171,0.085633,0.120435,0.04419,0.07739,0.037894,0.06079,0.032742,0.03984,0.045564,0.091471,0.048884,0.081969,47.9
0.078418,0.076827,0.030371,0.101941,0.067142,0.04995,0.03044,0.073472,0.05161,0.04528,0.024387,0.052925,0.067799,0.080148,0.064859,0.104431,46.5
0.060959,0.058184,0.022811,0.098798,0.052379,0.045083,0.036246,0.081818,0.041024,0.041435,0.021681,0.063014,0.074779,0.088445,0.070695,0.142648,40.8
0.067451,0.0613,0.039146,0.08284,0.053829,0.041173,0.043553,0.065282,0.067946,0.055337,0.049256,0.067851,0.0506,0.069006,0.086705,0.098725,48.5
0.054893,0.075817,0.029043,0.069734,0.06423,0.084271,0.054255,0.07901,0.047838,0.069765,0.034061,0.055532,0.04209,0.08786,0.068883,0.08272,49.1
0.141308,0.078692,0.046168,0.085047,0.082056,0.047103,0.032523,0.064673,0.051402,0.03514,0.020748,0.032897,0.085607,0.065421,0.040561,0.090654,38.2
0.053592,0.064205,0.02221,0.099188,0.055153,0.051815,0.038969,0.08531,0.041587,0.03616,0.021201,0.06627,0.074025,0.094698,0.069511,0.126104,47.5
0.06054,0.087681,0.037842,0.086015,0.07287,0.067242,0.037768,0.073611,0.052431,0.065761,0.027215,0.057652,0.054356,0.077869,0.072574,0.068575,51.4
0.05135,0.091307,0.041351,0.066369,0.068162,0.074934,0.055374,0.070154,0.054139,0.087881,0.026691,0.055772,0.041949,0.079675,0.072146,0.062744,52.8
0.041323,0.071156,0.00911,0.057573,0.05983,0.074028,0.060446,0.108416,0.039271,0.061923,0.023267,0.053141,0.032952,0.1149,0.077065,0.115598,56.4
0.112991,0.048036,0.038506,0.148386,0.057176,0.030338,0.025088,0.047841,0.044535,0.028199,0.027227,0.046091,0.104434,0.056982,0.049008,0.135161,36.3
0.068235,0.07011,0.025231,0.109065,0.053872,0.057196,0.025487,0.077143,0.055833,0.048246,0.026169,0.049823,0.065891,0.090568,0.067383,0.109747,48.0
0.045589,0.063522,0.020614,0.0947,0.059627,0.055756,0.045029,0.084929,0.042371,0.050579,0.023086,0.065854,0.062636,0.094863,0.078423,0.112422,50.1
0.028603,0.065331,0.019612,0.066515,0.055349,0.097325,0.062996,0.094446,0.038745,0.081584,0.024539,0.057909,0.041432,0.109771,0.069203,0.086639,57.5
0.108864,0.045927,0.04347,0.11151,0.057078,0.039123,0.024381,0.054054,0.054243,0.027405,0.032508,0.045171,0.075978,0.065583,0.052542,0.162162,35.0
0.046006,0.078226,0.036023,0.070034,0.067949,0.0689,0.050651,0.072923,0.056575,0.083821,0.033719,0.059684,0.039094,0.086308,0.081261,0.068827,52.2
0.0644,0.049145,0.021078,0.107345,0.037385,0.02957,0.026827,0.065489,0.043021,0.035995,0.024084,0.073906,0.079166,0.061093,0.075146,0.20635,43.4
0.064126,0.075845,0.02543,0.096086,0.060552,0.062305,0.033266,0.082443,0.050311,0.052029,0.028351,0.056428,0.062786,0.087013,0.070724,0.092306,49.1
0.061787,0.068301,0.03528,0.0837,0.057984,0.059377,0.034489,0.086336,0.052148,0.059565,0.030988,0.057796,0.057871,0.083663,0.071388,0.099326,41.9
0.036188,0.057821,0.040224,0.035229,0.045847,0.116172,0.080712,0.067977,0.053786,0.125103,0.071814,0.054381,0.014819,0.077768,0.070987,0.051173,58.0
0.072378,0.061854,0.029173,0.084564,0.070347,0.083641,0.033235,0.087703,0.037112,0.033789,0.023449,0.045052,0.060007,0.097304,0.047267,0.133124,42.9
0.072775,0.068781,0.021968,0.108723,0.058593,0.058017,0.02603,0.086213,0.04705,0.039332,0.021426,0.043868,0.068578,0.095183,0.05883,0.124632,47.4
0.129447,0.028132,0.022042,0.172757,0.027456,0.005655,0.005172,0.038041,0.029776,0.008217,0.010199,0.039878,0.152939,0.035963,0.04012,0.254205,28.4
0.068559,0.080829,0.035,0.081162,0.071072,0.066009,0.038585,0.071922,0.047049,0.068411,0.027461,0.055586,0.051114,0.078131,0.071922,0.087186,50.9
0.046209,0.0638,0.027199,0.076663,0.063128,0.072427,0.04373,0.086556,0.041353,0.062663,0.028413,0.063593,0.047785,0.092419,0.074958,0.109105,51.9
0.051769,0.060809,0.023167,0.096416,0.056856,0.056449,0.047147,0.085109,0.04956,0.048426,0.024475,0.056856,0.059036,0.106037,0.064384,0.113508,49.2
0.041187,0.067838,0.027038,0.078231,0.06212,0.065512,0.066869,0.073168,0.049425,0.082011,0.034428,0.063792,0.049643,0.082689,0.082132,0.073919,52.2
0.048509,0.058246,0.022874,0.080942,0.053186,0.053084,0.047665,0.081964,0.039155,0.054847,0.025277,0.068546,0.059575,0.094973,0.076469,0.13469,50.2
0.065234,0.075604,0.035712,0.086039,0.061572,0.050198,0.039601,0.072979,0.055253,0.059628,0.025893,0.058364,0.060795,0.082799,0.070646,0.099682,51.0
0.041777,0.063829,0.019558,0.081272,0.057912,0.062499,0.056938,0.083411,0.040683,0.066871,0.029372,0.066158,0.05449,0.092845,0.078777,0.10361,53.7
0.055296,0.081528,0.035135,0.074022,0.065377,0.07726,0.05364,0.064898,0.054339,0.079835,0.031456,0.061403,0.04573,0.07428,0.07531,0.07049,47.6
0.052295,0.080577,0.030341,0.067481,0.065097,0.078311,0.048028,0.083019,0.049441,0.066245,0.033402,0.062242,0.044909,0.088582,0.077251,0.072778,51.9
0.054494,0.073489,0.029324,0.059094,0.062686,0.099222,0.063695,0.074855,0.04835,0.081681,0.037902,0.055265,0.032263,0.084738,0.068325,0.074617,53.0
0.056337,0.069562,0.023163,0.092898,0.064025,0.050058,0.033619,0.083134,0.041703,0.045337,0.021927,0.057004,0.068376,0.09055,0.073938,0.128371,46.4
0.183678,0.078398,0.024526,0.126272,0.064689,0.04027,0.013173,0.052801,0.042626,0.020349,0.016172,0.032344,0.095748,0.058477,0.042091,0.108386,43.7
0.053888,0.074977,0.029005,0.063447,0.062132,0.091645,0.05789,0.077008,0.050632,0.072856,0.036801,0.055889,0.035696,0.087134,0.06957,0.081429,55.0
0.079725,0.04847,0.010877,0.141269,0.050605,0.01592,0.012948,0.056881,0.040202,0.027429,0.021089,0.060564,0.09966,0.048218,0.095471,0.190673,39.3
0.03885,0.063167,0.025956,0.073988,0.055865,0.073964,0.055937,0.086015,0.044056,0.066132,0.037042,0.067385,0.052828,0.091823,0.077146,0.089846,53.2
0.065644,0.060192,0.025346,0.101406,0.059915,0.042066,0.034888,0.081789,0.043685,0.042023,0.020852,0.058616,0.073163,0.090927,0.068626,0.130863,48.2
0.062454,0.088405,0.04114,0.062737,0.080651,0.077642,0.049991,0.070774,0.053956,0.083625,0.038272,0.047265,0.04199,0.076403,0.068154,0.056541,52.3
0.061691,0.063417,0.072261,0.055004,0.073555,0.066221,0.066437,0.047886,0.059965,0.094478,0.066005,0.050259,0.049827,0.055436,0.054357,0.063201,51.8
0.043012,0.061289,0.025901,0.084062,0.055677,0.058955,0.048475,0.083764,0.046265,0.05523,0.031961,0.069335,0.057962,0.093921,0.078772,0.105419,50.9
0.042539,0.068892,0.022623,0.075157,0.063821,0.071768,0.049731,0.086273,0.043734,0.052266,0.028936,0.064894,0.049341,0.099388,0.071768,0.108871,50.1
0.089313,0.048434,0.045545,0.108865,0.057098,0.026216,0.028216,0.061764,0.053766,0.03066,0.026883,0.055988,0.08687,0.073095,0.064208,0.143079,36.3
0.070767,0.067189,0.024619,0.103255,0.061498,0.061238,0.029562,0.079515,0.045953,0.045042,0.024228,0.045888,0.062083,0.093044,0.060913,0.125207,46.6
0.072455,0.064917,0.025715,0.096304,0.060606,0.048782,0.033404,0.085186,0.050093,0.051808,0.027051,0.051076,0.056295,0.082489,0.07601,0.117809,49.7
0.045949,0.060432,0.011279,0.084482,0.062363,0.085842,0.019266,0.131572,0.023304,0.026376,0.005091,0.024928,0.056965,0.145221,0.039542,0.17739,43.1
0.040586,0.064639,0.017787,0.085013,0.057039,0.059666,0.047539,0.090288,0.039636,0.047115,0.027691,0.065366,0.059343,0.102698,0.074462,0.121132,51.3
0.052586,0.065986,0.024464,0.091276,0.06398,0.053836,0.036543,0.080636,0.040861,0.04808,0.023544,0.057752,0.064995,0.091134,0.07186,0.132467,48.1
0.061407,0.076199,0.026123,0.093964,0.059414,0.062316,0.033221,0.084837,0.049238,0.057036,0.02927,0.055742,0.063121,0.084417,0.072073,0.091621,49.2
0.065437,0.068445,0.025944,0.098733,0.059696,0.064222,0.031291,0.084181,0.047544,0.045691,0.026855,0.049306,0.063432,0.089012,0.065194,0.115017,49.0
0.081174,0.067004,0.033563,0.097206,0.057571,0.053603,0.024534,0.078583,0.054737,0.047854,0.023927,0.049433,0.06336,0.089393,0.062955,0.115101,47.5
0.070485,0.080917,0.030973,0.089979,0.067988,0.059409,0.032624,0.073586,0.058684,0.05377,0.027268,0.05232,0.051152,0.09018,0.069035,0.09163,47.6
0.121822,0.027199,0.016465,0.173788,0.02831,0.007364,0.004029,0.040399,0.020286,0.006774,0.005176,0.033556,0.150167,0.035258,0.033243,0.296165,26.6
0.068537,0.077269,0.035194,0.077534,0.092352,0.123313,0.038105,0.079386,0.040222,0.043927,0.032548,0.038635,0.04869,0.092352,0.046044,0.06589,45.3
0.052005,0.082128,0.030123,0.065527,0.064676,0.083038,0.047194,0.086381,0.051418,0.063679,0.034142,0.060071,0.042472,0.089754,0.074883,0.072508,51.7
